1 31 80 0.7298
1 56 65 0.2589
2 9 84 0.3835
3 94 41 0.3105
7 24 44 0.9942
7 31 82 0.0006
8 52 51 0.7359
11 51 52 0.7612
11 51 69 0.6006
12 46 50 0.0626
14 67 2 0.3660
15 63 61 0.8120
15 89 48 0.4015
16 3 5 0.7974
16 69 86 0.4288
17 84 18 0.6015
18 81 10 0.9694
19 40 3 0.9118
21 15 99 0.9810
21 24 14 0.3869
22 54 97 0.5797
23 6 8 0.1850
23 79 97 0.5976
24 98 84 0.7585
25 55 100 0.4291
25 57 66 0.1062
26 22 47 0.5752
26 82 28 0.3445
27 6 66 0.3944
27 80 18 0.9348
28 3 59 0.2075
28 40 69 0.6202
28 52 4 0.6016
28 56 77 0.2475
30 77 14 0.0308
31 24 96 0.8917
32 53 81 0.9698
32 68 93 0.7851
34 1 24 0.5923
35 80 41 0.8803
38 83 21 0.5795
42 84 55 0.3585
43 14 52 0.1506
43 62 90 0.4580
43 96 91 0.9291
44 80 77 0.5999
44 92 9 0.0415
45 19 16 0.9905
46 2 69 0.7194
46 42 15 0.7700
46 42 59 0.1937
46 98 12 0.0323
49 61 76 0.5218
49 87 89 0.0821
50 16 95 0.1216
50 42 25 0.4781
50 85 8 0.8223
51 73 44 0.5099
55 59 76 0.1680
57 82 72 0.1808
58 54 41 0.5617
59 16 41 0.0664
60 9 14 0.9277
61 16 20 0.4991
61 41 46 0.6432
61 64 39 0.9199
62 36 8 0.6839
62 100 19 0.9231
64 31 67 0.9691
64 49 20 0.5110
65 53 92 0.0345
67 93 68 0.4886
68 17 48 0.6901
69 54 3 0.1129
70 52 84 0.1033
70 78 2 0.1180
71 10 68 0.9101
71 21 53 0.0904
73 34 47 0.9436
74 37 86 0.4117
79 33 100 0.6016
79 61 57 0.6412
81 44 94 0.0633
81 63 69 0.3511
81 90 71 0.9123
84 21 44 0.7702
84 50 28 0.1482
85 53 95 0.1438
87 24 40 0.7290
87 39 68 0.2557
89 27 43 0.7548
91 68 27 0.5480
95 66 56 0.9583
96 53 7 0.5994
96 69 52 0.9130
97 33 76 0.6023
97 65 39 0.8657
98 32 97 0.4900
99 50 38 0.4848
100 30 100 0.1253
